check:    perf/push-fade
verdict:  PASS
when:     2026-09-24T03:38:25Z
core:     0.3.0

notes:
  FADE Slow 0→1: 116 moving frames; worst off-curve 0.00 px; step 0.9–9.0 px; worst tick 15.4 ms; preview held 2×: 127
    steps px: 0.9 1.2 1.4 1.7 2.0 2.2 2.5 2.7 3.0 3.2 3.5 3.7 3.9 4.2 4.4 4.6 4.8 5.0 5.2 5.4 5.6 5.8 5.9 6.1 6.3 6.4 6.6 6.7 6.9 7.0 7.2 7.3 7.4 7.6 7.7 7.8 7.9 8.0 8.1 8.2 8.3 8.4 8.4 8.5 8.6 8.6 8.7 8.7 8.8 8.8 8.9 8.9 8.9 9.0 9.0 9.0 9.0 9.0 9.0 9.0 9.0 9.0 8.9 8.9 8.9 8.8 8.8 8.7 8.7 8.6 8.6 8.5 8.4 8.4 8.3 8.2 8.1 8.0 7.9 7.8 7.7 7.6 7.4 7.3 7.2 7.0 6.9 6.8 6.6 6.4 6.3 6.1 5.9 5.8 5.6 5.4 5.2 5.0 4.8 4.6 4.4 4.2 3.9 3.7 3.5 3.2 3.0 2.8 2.5 2.2 2.0 1.7 1.4 1.2 0.9
  FADE Slow 1→0: 116 moving frames; worst off-curve 0.00 px; step 0.9–9.0 px; worst tick 9.9 ms; preview held 2×: 128
    steps px: 0.9 1.1 1.4 1.7 2.0 2.2 2.5 2.7 3.0 3.2 3.5 3.7 3.9 4.1 4.4 4.6 4.8 5.0 5.2 5.4 5.6 5.7 5.9 6.1 6.3 6.4 6.6 6.7 6.9 7.0 7.2 7.3 7.4 7.6 7.7 7.8 7.9 8.0 8.1 8.2 8.3 8.4 8.4 8.5 8.6 8.6 8.7 8.7 8.8 8.8 8.9 8.9 8.9 9.0 9.0 9.0 9.0 9.0 9.0 9.0 9.0 9.0 8.9 8.9 8.9 8.8 8.8 8.8 8.7 8.6 8.6 8.5 8.4 8.4 8.3 8.2 8.1 8.0 7.9 7.8 7.7 7.6 7.4 7.3 7.2 7.0 6.9 6.8 6.6 6.5 6.3 6.1 5.9 5.8 5.6 5.4 5.2 5.0 4.8 4.6 4.4 4.2 4.0 3.7 3.5 3.3 3.0 2.8 2.5 2.3 2.0 1.7 1.5 1.2 0.9
  FADE Medium 0→1: 43 moving frames; worst off-curve 0.00 px; step 3.9–24.0 px; worst tick 16.9 ms; preview held 2×: 53
    steps px: 3.9 5.8 7.6 9.3 10.9 12.5 13.9 15.2 16.5 17.6 18.7 19.6 20.5 21.3 21.9 22.5 23.0 23.4 23.7 23.9 24.0 24.0 23.9 23.7 23.4 23.1 22.6 22.1 21.4 20.7 19.8 18.9 17.8 16.7 15.5 14.2 12.8 11.2 9.6 7.9 6.2 4.3
  FADE Medium 1→0: 43 moving frames; worst off-curve 0.00 px; step 3.8–24.0 px; worst tick 8.9 ms; preview held 2×: 53
    steps px: 3.8 5.7 7.5 9.2 10.8 12.4 13.8 15.2 16.4 17.6 18.6 19.6 20.4 21.2 21.9 22.5 23.0 23.4 23.7 23.9 24.0 24.0 23.9 23.7 23.5 23.1 22.6 22.1 21.4 20.7 19.9 18.9 17.9 16.8 15.6 14.2 12.8 11.3 9.7 8.0 6.3 4.4
  FADE Fast 0→1: 11 moving frames; worst off-curve 0.02 px; step 32.8–89.7 px; worst tick 9.2 ms; preview held 2×: 20
    steps px: 45.2 63.8 77.4 86.0 89.7 88.3 81.9 70.5 54.2 32.8
  FADE Fast 1→0: 11 moving frames; worst off-curve 0.02 px; step 34.0–89.6 px; worst tick 9.7 ms; preview held 2×: 20
    steps px: 44.1 63.0 76.8 85.7 89.6 88.5 82.4 71.2 55.1 34.0
  SWEEP 0↔1 over 4.0 beats: 112 moving frames; worst off-curve 0.00 px; step 0.4–37.7 px; worst tick 14.9 ms; preview held 2×: 119
    steps px: 25.1 22.0 18.7 15.2 11.5 7.7 0.4 8.0 11.8 15.5 19.0 22.3 25.3 28.1 30.6 32.7 34.5 35.9 36.9 37.5 37.7 37.5 36.8 35.8 34.4 32.6 30.4 27.9 25.1 22.0 18.7 15.2 11.5 7.7 0.4 8.0 11.8 15.5 19.0 22.3 25.3 28.1 30.6 32.7 34.5 35.9 36.9 37.5 37.7 37.5 36.8 35.8 34.4 32.6 30.4 27.9 25.1 22.0 18.7 15.2 11.5 7.7 0.4 8.0 11.8 15.5 19.0 22.3 25.3 28.1 30.6 32.7 34.5 35.9 36.9 37.5 37.7 37.5 36.8 35.8 34.4 32.6 30.4 27.9 25.1 22.0 18.7 15.2 11.5 7.7 0.4 8.0 11.8 15.5 19.0 22.3 25.3 28.1 30.6 32.7 34.5 35.9 36.9 37.5 37.7 37.5 36.8 35.8 34.4 32.6 30.4

assertions (2/2 passed):
  PASS  every automated push is on its curve at each frame's display time (within 0.5 px) — see the per-run notes
  PASS  the program preview shows a moving push evenly (95% of frames held 2 refreshes) — 520 of 520 — 2×: 520
